1220   895   1143   420
895   888   420   725
888   876   725   727
876   865   727   885
865   855   885   1049
855   1047   1049   1207
1047   1046   1207   1206
1046   1319   1206   820
1143   420   1355   419
420   725   419   580
725   727   580   726
727   885   726   884
885   1049   884   1048
1049   1207   1048   1205
1207   1206   1205   1204
1206   820   1204   730
1355   419   1353   216
419   580   216   343
580   726   343   421
726   884   421   494
884   1048   494   581
1048   1205   581   647
1205   1204   647   729
1204   730   729   728
1319   1223   820   886
1223   1218   886   960
1218   1215   960   1050
1215   1201   1050   1127
1201   1209   1127   1208
1209   1297   1208   1295
1297   1296   1295   1294
1296   1372   1294   1093
820   886   730   496
886   960   496   530
960   1050   530   583
1050   1127   583   615
1127   1208   615   649
1208   1295   649   693
1295   1294   693   733
1294   1093   733   1092
730   496   728   495
496   530   495   529
530   583   529   582
583   615   582   614
615   649   614   648
649   693   648   692
693   733   692   732
733   1092   732   731
1372   821   1093   1129
821   850   1129   1163
850   887   1163   1211
887   924   1211   1247
924   961   1247   1299
961   1001   1299   1352
1001   1052   1352   1351
1052   1088   1351   1051
1093   1129   1092   1128
1129   1163   1128   1162
1163   1211   1162   1210
1211   1247   1210   1246
1247   1299   1246   1298
1299   1352   1298   1350
1352   1351   1350   1349
1351   1051   1349   634
1092   1128   731   30
1128   1162   30   52
1162   1210   52   88
1210   1246   88   120
1246   1298   120   156
1298   1350   156   176
1350   1349   176   217
1349   634   217   633
1088   1089   1051   474
1089   1087   474   497
1087   1085   497   512
1085   1084   512   531
1084   1082   531   555
1082   1081   555   584
1081   1078   584   603
1078   1077   603   616
1077   1147   616   979
1051   474   634   651
474   497   651   667
497   512   667   695
512   531   695   708
531   555   708   735
555   584   735   758
584   603   758   776
603   616   776   794
616   979   794   1165
634   651   633   650
651   667   650   666
667   695   666   694
695   708   694   707
708   735   707   734
735   758   734   757
758   776   757   775
776   794   775   793
794   1165   793   1164
1147   1148   979   1002
1148   1142   1002   1021
1142   1141   1021   1053
1141   1138   1053   1079
1138   1137   1079   1094
1137   1135   1094   1104
1135   1134   1104   1130
1134   1132   1130   1144
1132   1220   1144   1143
979   1002   1165   1188
1002   1021   1188   1213
1021   1053   1213   1229
1053   1079   1229   1249
1079   1094   1249   1275
1094   1104   1275   1301
1104   1130   1301   1324
1130   1144   1324   1356
1144   1143   1356   1355
1165   1188   1164   1187
1188   1213   1187   1212
1213   1229   1212   1228
1229   1249   1228   1248
1249   1275   1248   1274
1275   1301   1274   1300
1301   1324   1300   1323
1324   1356   1323   1354
1356   1355   1354   1353
1386   1385   1384   1383
1385   1291   1383   121
1291   1290   121   139
1290   1285   139   157
1285   1284   157   163
1284   1281   163   177
1281   1280   177   205
1280   1273   205   218
1273   1395   218   448
1384   1383   1359   245
1383   121   245   261
121   139   261   274
139   157   274   297
157   163   297   325
163   177   325   331
177   205   331   345
205   218   345   366
218   448   366   514
1359   245   1357   244
245   261   244   260
261   274   260   273
274   297   273   296
297   325   296   324
325   331   324   330
331   345   330   344
345   366   344   365
366   514   365   513
1395   406   448   457
406   403   457   462
403   402   462   467
402   404   467   475
404   411   475   483
411   422   483   498
422   435   498   505
435   1375   505   668
448   457   514   522
457   462   522   533
462   467   533   542
467   475   542   557
475   483   557   571
483   498   571   586
498   505   586   596
505   668   596   760
514   522   513   521
522   533   521   532
533   542   532   541
542   557   541   556
557   571   556   570
571   586   570   585
586   596   585   595
596   760   595   759
1375   1376   668   681
1376   1368   681   696
1368   1361   696   701
1361   1344   701   709
1344   1339   709   716
1339   1332   716   736
1332   1327   736   747
1327   1319   747   903
668   681   760   768
681   696   768   778
696   701   778   785
701   709   785   796
709   716   796   807
716   736   807   823
736   747   823   835
747   903   835   981
760   768   759   767
768   778   767   777
778   785   777   784
785   796   784   795
796   807   795   806
807   823   806   822
823   835   822   834
835   981   834   980
1319   1046   903   912
1046   1047   912   925
1047   855   925   938
855   865   938   946
865   876   946   953
876   888   953   962
888   895   962   969
895   1220   969   1153
903   912   981   993
912   925   993   1004
925   938   1004   1012
938   946   1012   1023
946   953   1023   1033
953   962   1033   1055
962   969   1055   1069
969   1153   1069   1251
981   993   980   992
993   1004   992   1003
1004   1012   1003   1011
1012   1023   1011   1022
1023   1033   1022   1032
1033   1055   1032   1054
1055   1069   1054   1068
1069   1251   1068   1250
1220   1221   1153   1166
1221   1219   1166   1176
1219   1217   1176   1189
1217   1216   1189   1198
1216   1203   1198   1214
1203   1202   1214   1222
1202   1200   1222   1230
1200   1199   1230   1237
1199   1386   1237   1384
1153   1166   1251   1263
1166   1176   1263   1277
1176   1189   1277   1287
1189   1198   1287   1303
1198   1214   1303   1313
1214   1222   1313   1326
1222   1230   1326   1338
1230   1237   1338   1360
1237   1384   1360   1359
1251   1263   1250   1262
1263   1277   1262   1276
1277   1287   1276   1286
1287   1303   1286   1302
1303   1313   1302   1312
1313   1326   1312   1325
1326   1338   1325   1337
1338   1360   1337   1358
1360   1359   1358   1357
1372   1388   1371   1387
1388   1406   1387   1404
1406   1405   1404   1403
1405   1090   1403   39
1090   1086   39   47
1086   1083   47   49
1083   1080   49   53
1080   1076   53   190
1371   1387   704   66
1387   1404   66   75
1404   1403   75   90
1403   39   90   102
39   47   102   108
47   49   108   114
49   53   114   123
53   190   123   257
704   66   702   65
66   75   65   74
75   90   74   89
90   102   89   101
102   108   101   107
108   114   107   113
114   123   113   122
123   257   122   256
1076   645   190   206
645   643   206   211
643   642   211   219
642   640   219   224
640   639   224   229
639   637   229   235
637   636   235   246
636   632   246   386
190   206   257   263
206   211   263   267
211   219   267   276
219   224   276   285
224   229   285   299
229   235   299   313
235   246   313   327
246   386   327   416
257   263   256   262
263   267   262   266
267   276   266   275
276   285   275   284
285   299   284   298
299   313   298   312
313   327   312   326
327   416   326   415
632   332   386   391
332   337   391   396
337   346   396   399
346   354   399   400
354   367   400   401
367   374   401   405
374   377   405   408
377   381   408   412
381   463   412   502
386   391   416   424
391   396   424   430
396   399   430   437
399   400   437   443
400   401   443   450
401   405   450   456
405   408   456   459
408   412   459   461
412   502   461   544
416   424   415   423
424   430   423   429
430   437   429   436
437   443   436   442
443   450   442   449
450   456   449   455
456   459   455   458
459   461   458   460
461   544   460   543
463   464   502   506
464   468   506   509
468   471   509   515
471   476   515   518
476   478   518   523
478   484   523   526
484   489   526   534
489   499   534   537
499   1088   537   629
502   506   544   550
506   509   550   559
509   515   559   565
515   518   565   573
518   523   573   577
523   526   577   588
526   534   588   592
534   537   592   598
537   629   598   662
544   550   543   549
550   559   549   558
559   565   558   564
565   573   564   572
573   577   572   576
577   588   576   587
588   592   587   591
592   598   591   597
598   662   597   661
1088   1052   629   635
1052   1001   635   638
1001   961   638   641
961   924   641   644
924   887   644   652
887   850   652   655
850   821   655   658
821   1372   658   1371
629   635   662   670
635   638   670   676
638   641   676   683
641   644   683   689
644   652   689   698
652   655   698   700
655   658   700   705
658   1371   705   704
662   670   661   669
670   676   669   675
676   683   675   682
683   689   682   688
689   698   688   697
698   700   697   699
700   705   699   703
705   704   703   702
1375   710   1373   761
710   713   761   764
713   717   764   769
717   720   769   772
720   737   772   779
737   742   779   781
742   748   781   786
748   997   786   860
1373   761   790   798
761   764   798   801
764   769   801   809
769   772   809   815
772   779   815   825
779   781   825   831
781   786   831   837
786   860   837   900
790   798   789   797
798   801   797   800
801   809   800   808
809   815   808   814
815   825   814   824
825   831   824   830
831   837   830   836
837   900   836   899
997   955   860   866
955   952   866   871
952   951   871   877
951   949   877   881
949   948   881   889
948   945   889   892
945   944   892   896
944   943   896   974
860   866   900   905
866   871   905   909
871   877   909   914
877   881   914   919
881   889   919   927
889   892   927   933
892   896   933   940
896   974   940   1018
900   905   899   904
905   909   904   908
909   914   908   913
914   919   913   918
919   927   918   926
927   933   926   932
933   940   932   939
940   1018   939   1017
943   947   974   982
947   950   982   987
950   954   987   994
954   957   994   998
957   963   998   1005
963   966   1005   1008
966   970   1008   1013
970   1076   1013   1101
974   982   1018   1025
982   987   1025   1029
987   994   1029   1035
994   998   1035   1041
998   1005   1041   1057
1005   1008   1057   1063
1008   1013   1063   1071
1013   1101   1071   1140
1018   1025   1017   1024
1025   1029   1024   1028
1029   1035   1028   1034
1035   1041   1034   1040
1041   1057   1040   1056
1057   1063   1056   1062
1063   1071   1062   1070
1071   1140   1070   1139
1076   1080   1101   1105
1080   1083   1105   1110
1083   1086   1110   1115
1086   1090   1115   1120
1090   1405   1120   1131
1405   1406   1131   1133
1406   1388   1133   1136
1388   1372   1136   1225
1101   1105   1140   1146
1105   1110   1146   1150
1110   1115   1150   1155
1115   1120   1155   1159
1120   1131   1159   1168
1131   1133   1168   1173
1133   1136   1173   1178
1136   1225   1178   1272
1140   1146   1139   1145
1146   1150   1145   1149
1150   1155   1149   1154
1155   1159   1154   1158
1159   1168   1158   1167
1168   1173   1167   1172
1173   1178   1172   1177
1178   1272   1177   1271
1372   1296   1225   1231
1296   1297   1231   1234
1297   1209   1234   1238
1209   1201   1238   1241
1201   1215   1241   1252
1215   1218   1252   1257
1218   1223   1257   1264
1223   1319   1264   1380
1225   1231   1272   1279
1231   1234   1279   1283
1234   1238   1283   1289
1238   1241   1289   1293
1241   1252   1293   1305
1252   1257   1305   1309
1257   1264   1309   1316
1264   1380   1316   1379
1272   1279   1271   1278
1279   1283   1278   1282
1283   1289   1282   1288
1289   1293   1288   1292
1293   1305   1292   1304
1305   1309   1304   1308
1309   1316   1308   1315
1316   1379   1315   1314
1319   1327   1380   1390
1327   1332   1390   1398
1332   1339   1398   1408
1339   1344   1408   1416
1344   1361   1416   1415
1361   1368   1415   1367
1368   1376   1367   1374
1376   1375   1374   1373
1380   1390   1379   1389
1390   1398   1389   1397
1398   1408   1397   1407
1408   1416   1407   1414
1416   1415   1414   1413
1415   1367   1413   17
1367   1374   17   19
1374   1373   19   790
1379   1389   1314   5
1389   1397   5   8
1397   1407   8   13
1407   1414   13   14
1414   1413   14   15
1413   17   15   16
17   19   16   18
19   790   18   789
1395   1396   425   48
1396   1392   48   50
1392   1382   50   51
1382   1381   51   54
1381   1378   54   56
1378   1377   56   59
1377   1370   59   62
1370   1369   62   67
1369   1366   67   155
425   48   453   77
48   50   77   83
50   51   83   92
51   54   92   100
54   56   100   104
56   59   104   106
59   62   106   110
62   67   110   112
67   155   112   179
453   77   451   76
77   83   76   82
83   92   82   91
92   100   91   99
100   104   99   103
104   106   103   105
106   110   105   109
110   112   109   111
112   179   111   178
1366   117   155   158
117   124   158   159
124   127   159   160
127   131   160   161
131   134   161   164
134   140   164   167
140   145   167   170
145   150   170   173
150   1014   173   251
155   158   179   185
158   159   185   192
159   160   192   198
160   161   198   208
161   164   208   210
164   167   210   213
167   170   213   215
170   173   215   221
173   251   221   281
179   185   178   184
185   192   184   191
192   198   191   197
198   208   197   207
208   210   207   209
210   213   209   212
213   215   212   214
215   221   214   220
221   281   220   280
1014   1015   251   258
1015   1010   258   259
1010   1009   259   264
1009   1007   264   265
1007   1006   265   268
1006   1000   268   270
1000   999   270   277
999   997   277   349
251   258   281   287
258   259   287   291
259   264   291   301
264   265   301   307
265   268   307   315
268   270   315   323
270   277   323   329
277   349   329   380
281   287   280   286
287   291   286   290
291   301   290   300
301   307   300   306
307   315   306   314
315   323   314   322
323   329   322   328
329   380   328   379
997   748   349   355
748   742   355   360
742   737   360   368
737   720   368   373
720   717   373   375
717   713   375   376
713   710   376   378
710   1375   378   407
349   355   380   383
355   360   383   385
360   368   385   388
368   373   388   390
373   375   390   393
375   376   393   395
376   378   395   398
378   407   398   428
380   383   379   382
383   385   382   384
385   388   384   387
388   390   387   389
390   393   389   392
393   395   392   394
395   398   394   397
398   428   397   427
1375   435   407   409
435   422   409   410
422   411   410   413
411   404   413   414
404   402   414   417
402   403   417   418
403   406   418   426
406   1395   426   425
407   409   428   432
409   410   432   434
410   413   434   439
413   414   439   441
414   417   441   445
417   418   445   447
418   426   447   454
426   425   454   453
428   432   427   431
432   434   431   433
434   439   433   438
439   441   438   440
441   445   440   444
445   447   444   446
447   454   446   452
454   453   452   451
943   897   721   465
897   894   465   466
894   893   466   469
893   891   469   470
891   890   470   472
890   883   472   473
883   882   473   477
882   880   477   519
721   465   755   480
465   466   480   482
466   469   482   486
469   470   486   488
470   472   488   491
472   473   491   493
473   477   493   501
477   519   501   540
755   480   753   479
480   482   479   481
482   486   481   485
486   488   485   487
488   491   487   490
491   493   490   492
493   501   492   500
501   540   500   539
880   503   519   520
503   504   520   524
504   507   524   525
507   508   525   527
508   510   527   528
510   511   528   535
511   516   535   536
516   517   536   538
517   574   538   600
519   520   540   546
520   524   546   548
524   525   548   552
525   527   552   554
527   528   554   561
528   535   561   563
535   536   563   567
536   538   567   569
538   600   569   611
540   546   539   545
546   548   545   547
548   552   547   551
552   554   551   553
554   561   553   560
561   563   560   562
563   567   562   566
567   569   566   568
569   611   568   610
574   575   600   601
575   578   601   602
578   579   602   604
579   589   604   605
589   590   605   606
590   593   606   607
593   594   607   608
594   599   608   609
599   632   609   646
600   601   611   613
601   602   613   618
602   604   618   620
604   605   620   622
605   606   622   624
606   607   624   626
607   608   626   628
608   609   628   631
609   646   631   665
611   613   610   612
613   618   612   617
618   620   617   619
620   622   619   621
622   624   621   623
624   626   623   625
626   628   625   627
628   631   627   630
631   665   630   664
632   636   646   653
636   637   653   654
637   639   654   656
639   640   656   657
640   642   657   659
642   643   659   660
643   645   660   663
645   1076   663   706
646   653   665   672
653   654   672   674
654   656   674   678
656   657   678   680
657   659   680   685
659   660   685   687
660   663   687   691
663   706   691   724
665   672   664   671
672   674   671   673
674   678   673   677
678   680   677   679
680   685   679   684
685   687   684   686
687   691   686   690
691   724   690   723
1076   970   706   711
970   966   711   712
966   963   712   714
963   957   714   715
957   954   715   718
954   950   718   719
950   947   719   722
947   943   722   721
706   711   724   739
711   712   739   741
712   714   741   744
714   715   744   746
715   718   746   750
718   719   750   752
719   722   752   756
722   721   756   755
724   739   723   738
739   741   738   740
741   744   740   743
744   746   743   745
746   750   745   749
750   752   749   751
752   756   751   754
756   755   754   753
1014   762   1036   780
762   763   780   782
763   765   782   783
765   766   783   787
766   770   787   788
770   771   788   791
771   773   791   792
773   774   792   799
774   832   799   845
1036   780   1074   803
780   782   803   805
782   783   805   811
783   787   811   813
787   788   813   817
788   791   817   819
791   792   819   827
792   799   827   829
799   845   829   857
1074   803   1072   802
803   805   802   804
805   811   804   810
811   813   810   812
813   817   812   816
817   819   816   818
819   827   818   826
827   829   826   828
829   857   828   856
832   833   845   846
833   838   846   847
838   839   847   848
839   840   848   849
840   841   849   851
841   842   851   852
842   843   852   853
843   844   853   854
844   880   854   898
845   846   857   859
846   847   859   862
847   848   862   864
848   849   864   868
849   851   868   870
851   852   870   873
852   853   873   875
853   854   875   879
854   898   879   917
857   859   856   858
859   862   858   861
862   864   861   863
864   868   863   867
868   870   867   869
870   873   869   872
873   875   872   874
875   879   874   878
879   917   878   916
880   882   898   901
882   883   901   902
883   890   902   906
890   891   906   907
891   893   907   910
893   894   910   911
894   897   911   915
897   943   915   956
898   901   917   921
901   902   921   923
902   906   923   929
906   907   929   931
907   910   931   935
910   911   935   937
911   915   937   942
915   956   942   973
917   921   916   920
921   923   920   922
923   929   922   928
929   931   928   930
931   935   930   934
935   937   934   936
937   942   936   941
942   973   941   972
943   944   956   958
944   945   958   959
945   948   959   964
948   949   964   965
949   951   965   967
951   952   967   968
952   955   968   971
955   997   971   1016
956   958   973   976
958   959   976   978
959   964   978   984
964   965   984   986
965   967   986   989
967   968   989   991
968   971   991   996
971   1016   996   1039
973   976   972   975
976   978   975   977
978   984   977   983
984   986   983   985
986   989   985   988
989   991   988   990
991   996   990   995
996   1039   995   1038
997   999   1016   1019
999   1000   1019   1020
1000   1006   1020   1026
1006   1007   1026   1027
1007   1009   1027   1030
1009   1010   1030   1031
1010   1015   1031   1037
1015   1014   1037   1036
1016   1019   1039   1043
1019   1020   1043   1045
1020   1026   1045   1059
1026   1027   1059   1061
1027   1030   1061   1065
1030   1031   1065   1067
1031   1037   1067   1075
1037   1036   1075   1074
1039   1043   1038   1042
1043   1045   1042   1044
1045   1059   1044   1058
1059   1061   1058   1060
1061   1065   1060   1064
1065   1067   1064   1066
1067   1075   1066   1073
1075   1074   1073   1072
1147   1077   1170   1091
1077   1078   1091   1095
1078   1081   1095   1096
1081   1082   1096   1097
1082   1084   1097   1098
1084   1085   1098   1099
1085   1087   1099   1100
1087   1089   1100   1103
1089   1088   1103   1102
1170   1091   1196   1107
1091   1095   1107   1109
1095   1096   1109   1112
1096   1097   1112   1114
1097   1098   1114   1117
1098   1099   1117   1119
1099   1100   1119   1122
1100   1103   1122   1126
1103   1102   1126   1125
1196   1107   1194   1106
1107   1109   1106   1108
1109   1112   1108   1111
1112   1114   1111   1113
1114   1117   1113   1116
1117   1119   1116   1118
1119   1122   1118   1121
1122   1126   1121   1124
1126   1125   1124   1123
1220   1132   1239   1151
1132   1134   1151   1152
1134   1135   1152   1156
1135   1137   1156   1157
1137   1138   1157   1160
1138   1141   1160   1161
1141   1142   1161   1169
1142   1148   1169   1171
1148   1147   1171   1170
1239   1151   1269   1175
1151   1152   1175   1180
1152   1156   1180   1182
1156   1157   1182   1184
1157   1160   1184   1186
1160   1161   1186   1191
1161   1169   1191   1193
1169   1171   1193   1197
1171   1170   1197   1196
1269   1175   1267   1174
1175   1180   1174   1179
1180   1182   1179   1181
1182   1184   1181   1183
1184   1186   1183   1185
1186   1191   1185   1190
1191   1193   1190   1192
1193   1197   1192   1195
1197   1196   1195   1194
1386   1199   1321   1224
1199   1200   1224   1226
1200   1202   1226   1227
1202   1203   1227   1232
1203   1216   1232   1233
1216   1217   1233   1235
1217   1219   1235   1236
1219   1221   1236   1240
1221   1220   1240   1239
1321   1224   1364   1243
1224   1226   1243   1245
1226   1227   1245   1254
1227   1232   1254   1256
1232   1233   1256   1259
1233   1235   1259   1261
1235   1236   1261   1266
1236   1240   1266   1270
1240   1239   1270   1269
1364   1243   1362   1242
1243   1245   1242   1244
1245   1254   1244   1253
1254   1256   1253   1255
1256   1259   1255   1258
1259   1261   1258   1260
1261   1266   1260   1265
1266   1270   1265   1268
1270   1269   1268   1267
1395   1273   1393   1306
1273   1280   1306   1307
1280   1281   1307   1310
1281   1284   1310   1311
1284   1285   1311   1317
1285   1290   1317   1318
1290   1291   1318   1320
1291   1385   1320   1322
1385   1386   1322   1321
1393   1306   1329   1331
1306   1307   1331   1334
1307   1310   1334   1336
1310   1311   1336   1341
1311   1317   1341   1343
1317   1318   1343   1346
1318   1320   1346   1348
1320   1322   1348   1365
1322   1321   1365   1364
1329   1331   1328   1330
1331   1334   1330   1333
1334   1336   1333   1335
1336   1341   1335   1340
1341   1343   1340   1342
1343   1346   1342   1345
1346   1348   1345   1347
1348   1365   1347   1363
1365   1364   1363   1362
1366   1369   1400   1402
1369   1370   1402   1410
1370   1377   1410   1412
1377   1378   1412   1418
1378   1381   1418   1422
1381   1382   1422   1421
1382   1392   1421   1391
1392   1396   1391   1394
1396   1395   1394   1393
1400   1402   1399   1401
1402   1410   1401   1409
1410   1412   1409   1411
1412   1418   1411   1417
1418   1422   1417   1420
1422   1421   1420   1419
1421   1391   1419   10
1391   1394   10   12
1394   1393   12   1329
1399   1401   44   1
1401   1409   1   2
1409   1411   2   3
1411   1417   3   4
1417   1420   4   6
1420   1419   6   7
1419   10   7   9
10   12   9   11
12   1329   11   1328
1014   150   68   20
150   145   20   21
145   140   21   22
140   134   22   23
134   131   23   24
131   127   24   25
127   124   25   26
124   117   26   27
117   1366   27   1400
68   20   97   29
20   21   29   32
21   22   32   34
22   23   34   36
23   24   36   38
24   25   38   41
25   26   41   43
26   27   43   46
27   1400   46   1399
97   29   95   28
29   32   28   31
32   34   31   33
34   36   33   35
36   38   35   37
38   41   37   40
41   43   40   42
43   46   42   45
46   1399   45   44
832   774   129   55
774   773   55   57
773   771   57   58
771   770   58   60
770   766   60   61
766   765   61   63
765   763   63   64
763   762   64   69
762   1014   69   68
129   55   153   71
55   57   71   73
57   58   73   79
58   60   79   81
60   61   81   85
61   63   85   87
63   64   87   94
64   69   94   98
69   68   98   97
153   71   151   70
71   73   70   72
73   79   72   78
79   81   78   80
81   85   80   84
85   87   84   86
87   94   86   93
94   98   93   96
98   97   96   95
880   844   174   115
844   843   115   116
843   842   116   118
842   841   118   119
841   840   119   125
840   839   125   126
839   838   126   128
838   833   128   130
833   832   130   129
174   115   203   133
115   116   133   136
116   118   136   138
118   119   138   142
119   125   142   144
125   126   144   147
126   128   147   149
128   130   149   154
130   129   154   153
203   133   201   132
133   136   132   135
136   138   135   137
138   142   137   141
142   144   141   143
144   147   143   146
147   149   146   148
149   154   148   152
154   153   152   151
574   517   231   162
517   516   162   165
516   511   165   166
511   510   166   168
510   508   168   169
508   507   169   171
507   504   171   172
504   503   172   175
503   880   175   174
231   162   254   181
162   165   181   183
165   166   183   187
166   168   187   189
168   169   189   194
169   171   194   196
171   172   196   200
172   175   200   204
175   174   204   203
254   181   252   180
181   183   180   182
183   187   182   186
187   189   186   188
189   194   188   193
194   196   193   195
196   200   195   199
200   204   199   202
204   203   202   201
632   599   288   222
599   594   222   223
594   593   223   225
593   590   225   226
590   589   226   227
589   579   227   228
579   578   228   230
578   575   230   232
575   574   232   231
288   222   320   234
222   223   234   237
223   225   237   239
225   226   239   241
226   227   241   243
227   228   243   248
228   230   248   250
230   232   250   255
232   231   255   254
320   234   318   233
234   237   233   236
237   239   236   238
239   241   238   240
241   243   240   242
243   248   242   247
248   250   247   249
250   255   249   253
255   254   253   252
463   381   341   269
381   377   269   271
377   374   271   272
374   367   272   278
367   354   278   279
354   346   279   282
346   337   282   283
337   332   283   289
332   632   289   288
341   269   371   293
269   271   293   295
271   272   295   303
272   278   303   305
278   279   305   309
279   282   309   311
282   283   311   317
283   289   317   321
289   288   321   320
371   293   369   292
293   295   292   294
295   303   294   302
303   305   302   304
305   309   304   308
309   311   308   310
311   317   310   316
317   321   316   319
321   320   319   318
1088   499   1102   333
499   489   333   334
489   484   334   335
484   478   335   336
478   476   336   338
476   471   338   339
471   468   339   340
468   464   340   342
464   463   342   341
1102   333   1125   348
333   334   348   351
334   335   351   353
335   336   353   357
336   338   357   359
338   339   359   362
339   340   362   364
340   342   364   372
342   341   372   371
1125   348   1123   347
348   351   347   350
351   353   350   352
353   357   352   356
357   359   356   358
359   362   358   361
362   364   361   363
364   372   363   370
372   371   370   369