1.808362   -0.1034788
1.767646   -0.174001
1.723358   -0.2507104
1.673271   -0.3374635
0.06561862   -0.4953588
1.622087   -0.426116
1.569944   -0.5164301
0.1301022   -0.4824171
1.516317   -0.6093158
1.504943   -0.6045361
1.460395   -0.7061763
1.446024   -0.6989956
0.1923511   -0.4612348
0.251254   -0.4319561
0.305794   -0.3950952
0.3553638   -0.3516644
0.3613617   -0.3576338
0.398646   -0.3012539
0.4073014   -0.3079209
1.3957   0.673898
1.465093   0.5878629
1.528859   0.5023284
1.587788   0.4164044
1.642374   0.3294796
1.692318   0.2423016
1.734406   0.1639874
1.784388   0.1008489
1.460372   0.7062159
1.446   0.6990342
-0.6382083   -0.4879368
1.516281   0.6093774
1.504906   0.6045964
1.569904   0.5164996
1.560783   0.5133504
1.622028   0.426219
1.614419   0.424038
1.673233   0.3375287
1.666376   0.33574
-0.5055173   -0.00004546228
1.723313   0.2507873
1.716426   0.2489016
1.767671   0.1739572
1.760279   0.1717417
1.868106   0
1.808443   0.1033394
1.803097   0.102786
-0.536189   0.06896587
1.291155   -0.5450168
-0.5988704   0.1195175
1.372551   -0.4982594
1.44784   -0.4410852
-0.7091573   -0.503404
-0.6208475   0.1961903
1.515514   -0.373928
0.9703361   1.478402
1.573531   -0.2973559
1.029775   1.387584
1.084643   1.296187
1.620784   -0.2134911
1.133246   1.207673
1.175201   1.140008
1.659077   -0.1272638
1.240068   1.05061
1.287384   0.931141
-0.6662573   -0.1737733
-0.6560627   -0.1785933
1.734688   -0.07711109
1.3195   0.7618115
1.30372   0.8460368
0.9918845   1.517659
0.987096   1.508936
1.048094   1.420302
1.044023   1.413031
-0.6338342   -0.08932147
-0.6257977   -0.09636821
1.272629   -0.4803008
1.276648   -0.4943245
1.103196   1.324862
1.099073   1.31849
1.155397   1.234448
1.150474   1.228498
1.350052   -0.451061
1.354964   -0.4613637
1.196927   1.162515
1.192099   1.157513
1.254481   1.062828
1.251278   1.060113
-0.7776137   -0.5292142
-0.5442832   -0.05782651
-0.5425989   -0.06035812
1.424052   -0.4074467
1.429276   -0.4148325
1.316063   0.956166
1.30969   0.9506049
1.40108   0.8089116
1.35876   0.8822117
1.382951   0.7984449
1.346529   0.8741728
1.491617   -0.3502685
1.496888   -0.355481
-0.5072303   -0.00003561065
-0.5068498   -0.0000378932
1.548759   -0.2800532
1.554231   -0.2838592
1.593182   -0.1994385
1.599317   -0.202509
-0.5442173   0.05773578
-0.5425172   0.06024046
1.626833   -0.1043944
1.634238   -0.1096286
1.722189   -0.05854014
1.724756   -0.06273563
-0.6336147   0.08957019
-0.6256071   0.09654702
0.1075331   1.54473
0.211083   1.561407
1.754988   0.09780485
0.311974   1.573856
0.4111145   1.582252
-0.8416273   -0.5647756
0.9768011   -1.321577
-0.6662667   0.1737779
-0.6560751   0.1786025
1.693749   0.151802
0.5092526   1.586681
0.6060783   1.587248
1.654436   0.2319301
0.7049047   1.58447
0.9059383   1.569131
0.8045476   1.578444
1.604658   0.3196418
0.1106186   1.617827
0.109933   1.601583
1.545938   0.4044088
0.2157286   1.617827
0.2146962   1.605289
0.3169693   1.617827
0.3158593   1.608056
1.029824   -1.241345
1.478691   0.4850082
0.4155901   1.617827
0.4145955   1.609921
0.5126548   1.617827
0.5118987   1.610906
1.402529   0.5615674
0.6109223   1.617827
0.6098459   1.611031
0.7170379   1.617827
0.7143417   1.610414
1.316656   0.6343983
0.9340528   1.617827
0.8242888   1.617827
0.9278051   1.607006
0.8199019   1.609075
1.782828   -0.00002072913
-0.8997974   -0.6093394
1.071061   -1.156441
1.734731   0.07695551
1.659153   0.1273233
1.62074   0.2135616
1.57354   0.297408
-0.8042722   1.578465
1.121049   -1.083028
1.515404   0.3738868
-0.704371   1.584493
-0.6053231   1.587257
1.44777   0.4411422
-0.5083323   1.586658
-0.409939   1.582175
1.372513   0.4982949
-0.31053   1.573706
-0.2093807   1.561164
1.291106   0.5450458
0   1.523625
-0.1059651   1.544448
-0.9508333   -0.6619323
1.200291   -1.025685
1.762778   -2.354088e-6
1.76709   -0.00001026388
-0.8239916   1.617827
-0.8196095   1.60908
-0.7164647   1.617827
-0.7137772   1.610419
1.7221   0.05840284
1.724701   0.06259042
-0.6101129   1.617827
-0.6090485   1.611033
-0.5117478   1.617827
-0.5109888   1.6109
-0.6417069   0.2793438
1.626935   0.1046785
1.634336   0.1098532
-0.4144247   1.617827
-0.4134278   1.609904
-0.3155273   1.617827
-0.3144168   1.608022
1.593134   0.1995124
1.59927   0.2025812
-0.2140112   1.617827
-0.2129822   1.605235
0   1.617827
-0.1090164   1.617827
0   1.596893
-0.1083383   1.60152
1.206147   -0.9218117
-0.7031728   0.3374922
1.548771   0.2801008
1.554247   0.283906
1.491494   0.3501577
1.496765   0.3553792
-0.765278   0.3886776
1.424041   0.4075596
1.429253   0.4149268
1.35002   0.4510355
1.35493   0.4613513
-0.1211654   -1.207641
-0.9936201   -0.7213998
1.160353   -0.8493624
-0.8295117   0.4337305
1.272574   0.480323
1.276594   0.49434670000000003
-1.284008   0.8654925
-1.246675   0.9635085
-0.8964718   0.4732036
-1.207011   1.057108
-1.164711   1.147165
-1.119478   1.23437
-1.071561   1.318497
-0.9667239   0.507388
-1.019754   1.402676
-0.9059383   1.569131
-0.9647077   1.485968
-1.345769   0.9047137
-1.332044   0.8959978
-1.040954   0.5366375
-1.293214   0.9957422
-1.282872   0.9885791
-1.242593   1.08342
-1.234686   1.077573
-1.193282   1.168828
-1.186933   1.164014
-1.14475   1.252889
-1.139134   1.248774
0.8893947   -1.365038
0.8946485   -1.371315
-1.119934   0.5618888
-1.095622   1.337981
-1.090275   1.333652
-1.042576   1.42986
-1.037504   1.423819
1.205037   0.581604
-0.9340528   1.617827
-0.988943   1.522754
-0.9278051   1.607006
-0.9835574   1.51458
-0.698991   0.2443849
-0.6864138   0.2518996
1.126918   0.5660954
1.048699   0.5416046
0.95265   -1.301293
0.9579801   -1.305762
-0.7409273   0.3073166
-0.7326367   0.3139044
0.9737361   0.5117784
0.9023455   0.4773253
-0.7904316   0.3620374
-0.7848921   0.367893
0.8342434   0.4378172
-1.76924   0.0924776
0.7687445   0.3928483
-1.72463   0.1817955
-1.677632   0.2687513
1.004063   -1.225977
1.009763   -1.229353
-0.847201   0.4085439
-0.8432996   0.4140926
0.7049667   0.3420657
-1.628734   0.3523124
-1.575828   0.4350887
1.194681   0.4962053
1.196899   0.5145247
-1.518987   0.5167502
-1.457759   0.5979004
-0.9100378   0.446239
-0.9070493   0.4521833
1.127867   0.4999258
1.127655   0.514521
-1.319495   0.7618135
-1.391541   0.6792398
1.056311   0.4937573
1.054619   0.5043896
-1.813215   0.09507296
-1.803443   0.09449622
-1.759583   0.1879674
-1.751815   0.1865959
1.040898   -1.142402
1.047683   -1.145444
-0.9776984   0.4742824
-0.9752836   0.4815689
0.9847242   0.4768792
0.9822824   0.4846346
-1.706536   0.2798463
-1.700113   0.2773807
-1.657408   0.3649388
-1.651036   0.3621329
0.9159242   0.4494562
0.9129067   0.4556494
-1.608875   0.4490002
-1.601531   0.4459087
-1.559564   0.5344091
-1.550547   0.5304849
-1.048748   0.4922177
-1.047035   0.5019512
0.8518825   0.4121373
0.8479627   0.417844
-1.508943   0.622087
-1.497569   0.6167122
-1.401078   0.8089153
-1.456388   0.7131159
-1.382949   0.7984482
-1.441977   0.7055879
0.7940291   0.3657301
0.7884103   0.3717564
1.098839   -1.05259
1.103764   -1.059718
-1.121588   0.4997488
-1.121228   0.5132918
0.7436793   0.311278
0.7350765   0.3181197
1.184998   -1.017393
1.188277   -1.019226
-1.312283   0.6378356
-1.391541   -0.6792398
-1.457759   -0.5979004
-1.518987   -0.5167502
-1.575828   -0.4350887
-1.3952   0.5683389
-1.628734   -0.3523124
-1.677632   -0.2687513
-1.72463   -0.1817955
-1.811877   0
-1.76924   -0.0924776
-0.08976235   -1.128399
1.178808   -0.9404337
1.184378   -0.9362853
-1.469393   0.4951671
-1.456388   -0.7131159
-1.441977   -0.7055879
0.6414215   0.284933
-1.508943   -0.622087
-1.497569   -0.6167122
-1.559564   -0.5344091
-1.550547   -0.5304849
-1.535438   0.4180858
0.624154   0.2037377
-1.608875   -0.4490002
-1.601531   -0.4459087
-1.657408   -0.3649388
-1.651036   -0.3621329
0.6163101   0.1377344
-1.706536   -0.2798463
-1.700113   -0.2773807
-1.759583   -0.1879674
-1.751815   -0.1865959
1.104556   -0.91487
1.116657   -0.8981661
-1.593688   0.3368801
0.6272862   0.07966953
-1.868106   0
-1.813215   -0.09507296
-1.85561   0
-1.803443   -0.09449622
0.63341   -0.00005531252
-1.642305   0.2551909
0.6272479   -0.07990009000000001
0.6163096   -0.137795
-1.68191   0.174252
0.6241479   -0.2037027
0.7019273   0.25
0.6884816   0.2577629
-1.715492   0.08930549
0.67054   0.185227
0.660232   0.1893405
0.6516917   0.1283311
0.6438291   0.1304207
-1.206012   0.5899359
0.6410112   0.07748743
0.6379612   0.07797234
0.6349572   -0.00005508492
0.6346134   -0.0000551355
-1.288418   0.5519574
0.6410458   -0.07769943
0.6379796   -0.07818846
0.6517063   -0.1283831
0.6438404   -0.1304746
-1.366557   0.5057627
0.6705284   -0.1851974
0.6602217   -0.1893097
-1.439363   0.450692
-1.505387   0.3867067
-1.563013   0.3143509
0.9602606   -0.5544067
1.039413   -0.6001053
0.8857428   -0.5113838
-1.608918   0.2383993
1.125817   -0.649991
0.6414238   -0.2849338
-1.643084   0.1618867
0.7050055   -0.3420987
0.7687418   -0.3928463
0.8126707   -0.4691956
-1.667975   0.08200167
0.8342308   -0.4378092
0.9023393   -0.477322
-1.194745   0.4964105
-1.197249   0.5171939
0.9736924   -0.5117594
1.048715   -0.5416102
-0.1093526   -1.214195
-0.06765807   -1.238042
-0.01775271   -1.047264
0.7378379   -0.4259909
-1.268893   0.4816935
-1.273232   0.4973077
1.205024   -0.5816014
1.126955   -0.5660926
0.7019281   -0.2500014
0.6884827   -0.2577641
-1.343122   0.454564
-1.34833   0.4659415
0.7437075   -0.3113136
0.7351071   -0.3181547
0.7940269   -0.365728
0.788408   -0.3717543
0.6577031   -0.379725
-1.414794   0.4143034
-1.420254   0.4223897
0.8518708   -0.4121293
0.8479508   -0.417836
0.9159183   -0.4494533
0.9129008   -0.4556464
-1.480799   0.3610329
-1.486263   0.3667381
0.9846821   -0.4768662
0.9822399   -0.4846202
1.056325   -0.4937597
1.054634   -0.5043927
1.118551   -0.7618707
-1.537915   0.295918
-1.543492   0.3000142
1.19472   -0.4961283
1.1279   -0.499922
1.196944   -0.5144668
1.127691   -0.5145159
-1.581601   0.2246607
-1.587672   0.2277138
1.054441   -0.6973394
-1.611318   0.1517697
-1.618377   0.1540179
-1.629098   0.07602582
-1.637737   0.07735379
0.9924708   -0.6394386
-1.743153   0
-1.715492   -0.08930549
-0.05157093   0.7949657
-0.01859   0.877717
0.9294503   -0.5884196
-1.68191   -0.174252
0.04616253   0.9320277
0.05664497   1.013021
-1.642305   -0.2551909
-0.001313908   1.075108
-0.0471453   1.149097
-1.122218   -0.8398267
0.8641104   -0.5435585
-1.593688   -0.3368801
-0.06765727   1.238019
-1.535438   -0.4180858
-0.09607701   0.8166292
-0.08605361   0.8119672
-0.04495361   0.9096714
-0.03900734   0.9021605
0.7959045   -0.5043726
-1.469393   -0.4951671
0.04052429   0.937028
0.04175578   0.9359223
0.05339604   1.011469
0.05411546   1.011813
-1.3952   -0.5683389
-0.01784615   1.047012
-0.01429592   1.053564
-0.08975615   1.128377
-0.08004051   1.132869
0.0533198   -1.011566
-0.1688213   -0.6816038
-0.1601693   -0.6749309
-1.121282   -0.9305938
0.7242338   -0.4705551
-1.312283   -0.6378356
-0.1211833   1.207648
-0.1093612   1.21419
-1.683636   0
-0.1022357   1.454763
-0.2037213   1.491909
0.6483704   -0.4417419
-1.667975   -0.08200167
-0.3044223   1.519779
-0.4044565   1.5386
-1.643084   -0.1618867
-0.5041577   1.548562
-0.5994689   1.549893
-1.109992   -1.021181
1.034805   -0.8056876
1.053724   -0.7964057
-1.608918   -0.2383993
-0.6895897   1.543753
-0.7801707   1.530357
-1.563013   -0.3143509
-0.09607896   1.332812
-0.16787   1.386949
0.9995175   -0.7316996
1.01157   -0.7242992
-1.505387   -0.3867067
-0.2455155   1.433098
-0.3288605   1.46976
-1.439363   -0.450692
-0.417033   1.495688
-0.5084968   1.509843
-0.2122113   -0.6313727
-0.2062162   -0.6253929
-1.087591   -1.110351
0.9564117   -0.6691677
0.9643307   -0.6626708
-1.366557   -0.5057627
-0.5973607   1.512618
-0.680923   1.503965
-1.288418   -0.5519574
-0.7627642   1.48557
-0.1654074   1.279631
-0.1504052   1.291002
0.9054372   -0.614752
0.9107275   -0.6089619
-1.63494   0
-1.645761   0
-0.2157981   1.337967
-0.2053947   1.348561
-0.2767394   1.389292
-0.2699223   1.398844
-1.629098   -0.07602582
-1.637737   -0.07735379
-0.3475544   1.431587
-0.3434566   1.43996
-0.426831   1.462333
-0.4246736   1.469675
-1.053742   -1.196434
0.8471309   -0.5687683
0.8508755   -0.5632133
-1.611318   -0.1517697
-1.618377   -0.1540179
-0.511919   1.479548
-0.5111598   1.486222
-0.5956382   1.482076
-0.596021   1.488865
-1.581601   -0.2246607
-1.587672   -0.2277138
-0.673832   1.471412
-0.6754077   1.478646
-0.7485224   1.448925
-0.7516873   1.457069
0.7827643   -0.5319382
0.7856582   -0.525862
-1.537915   -0.295918
-1.543492   -0.3000142
-0.8715763   1.509614
-0.9350868   1.441008
-1.480799   -0.3610329
-1.486263   -0.3667381
-0.9918614   1.369452
-1.042154   1.294683
-0.08005815   -1.132901
0.04065116   -0.9371223
-0.2616284   -0.5877091
-0.2573173   -0.5821285
-1.010918   -1.274165
0.7136656   -0.5050891
0.7159908   -0.4974918
-1.414794   -0.4143034
-1.420254   -0.4223897
-1.08859   1.211735
-1.129791   1.120687
-1.343122   -0.454564
-1.34833   -0.4659415
-1.163523   1.02495
-1.189796   0.9241117
0.6413414   -0.4886447
0.6428849   -0.4783793
-1.268893   -0.4816935
-1.273232   -0.4973077
-1.208523   0.8175554
-0.8418178   1.458071
-0.905003   1.403509
-0.9617398   1.34201
-0.9617398   -1.34201
-1.010918   1.274165
-1.053742   1.196434
-1.087591   1.110351
-1.109992   1.021181
-1.121282   0.9305938
-1.122218   0.8398267
-0.81747   1.4159
-0.8228806   1.425271
-0.8803891   1.372827
-0.8858588   1.379645
-0.3162161   -0.5509281
-0.3129198   -0.5452476
-0.905003   -1.403509
-0.9370948   1.319558
-0.9425715   1.324547
-0.9853621   1.257377
-0.9910412   1.261108
-1.025229   1.183915
-1.031565   1.186697
-1.053063   1.101895
-1.060736   1.103774
-1.066194   1.018097
-1.075927   1.018783
-1.065225   0.9358973
-1.077682   0.9347187
-1.206013   -0.589935
-1.051606   0.8580485
-1.067297   0.8539992
-1.219783   0.7042447
-1.027277   -0.7864756
-1.046528   -0.7782525
-1.11992   -0.5618713
-1.117678   0.6452916
-1.030676   0.5950608
-1.040897   -0.5366203
-0.9526311   0.5500018
-0.8791705   0.5075894
-0.9667147   -0.5073931
-0.806971   0.4659049
-0.7329461   0.4231666
-0.8964405   -0.4732086
-0.6539816   0.3775765
-1.113905   0.7494704
-0.0447718   -0.9096761
-0.375135   -0.5216877
-0.3724422   -0.5152182
-1.051606   -0.8580485
-1.067297   -0.8539992
-0.8295083   -0.4337066
-1.049443   0.6871455
-0.9867513   0.6318268
-0.7652037   -0.3887486
-0.9235808   0.5826448
-0.8585363   0.5390513
-0.7031353   -0.33743
-0.790839   0.5007317
-0.7199015   0.4673087
-1.194746   -0.4964104
-1.197249   -0.5171937
-0.6453152   0.4382944
-1.027277   0.7864748
-1.046528   0.7782516
-1.065225   -0.9358973
-1.077682   -0.9347187
0.5674727   -0.4176314
-1.121572   -0.4997186
-1.121206   -0.513261
-0.9936137   0.7213896
-1.00602   0.7137798
-0.9508132   0.6619081
-0.9587994   0.6552234
-1.048705   -0.4921491
-1.046981   -0.5018899
-0.8998124   0.6093527
-0.9050943   0.6034176
-0.8416537   0.5647929
-0.8454054   0.5590725
0.4974701   -0.4355428
-0.9776823   -0.4742931
-0.9752673   -0.4815797
-0.7776401   0.5292264
-0.7805732   0.5228943
-0.7092286   0.5034249
-0.7116003   0.4953991
-0.9100233   -0.4462665
-0.9070293   -0.4522065
-0.6382245   0.487939
-0.6398002   0.4769083
-0.4373868   -0.5004492
-0.4352004   -0.4923532
-1.066194   -1.018097
-1.075927   -1.018783
0.4300589   -0.461002
-0.8472399   -0.4084688
-0.8433307   -0.4140327
-0.7903589   -0.3621428
-0.7848172   -0.3679983
0.3655129   -0.4899668
-0.6989769   -0.2443374
-0.7409154   -0.3072993
-0.6864093   -0.2518717
-0.7326219   -0.3138815
-0.5674664   0.4176588
-1.053063   -1.101895
-1.060736   -1.103774
0.3037489   -0.5227498
0.5674605   -0.2263202
-0.4953752   0.438801
-0.4274293   0.4636256
0.5730469   -0.1492984
-0.3628893   0.4923095
-0.3012264   0.5251735
0.2443323   -0.5596704
0.6103838   -0.08258979
-0.2420936   0.5623696
-0.1848702   0.6040711
0.631519   -0.00005559071
-0.07423082   0.7035503
-0.1293879   0.6510726
-0.5674668   0.4828869
-0.5674667   0.4687699
-0.04718228   -1.149163
-0.01420964   -1.053794
-0.001261504   -1.075262
-0.1315207   -0.7385026
-0.09608245   -0.8166431
-0.1189435   -0.7309881
-0.5674668   -0.4828869
-0.5018975   -0.4874506
-0.5004793   -0.4768091
-1.025229   -1.183915
-1.031565   -1.186697
0.1867616   -0.6009812
0.6105111   0.08233653
-0.5018514   0.487528
-0.5004202   0.4768774
-0.4373678   0.5004698
-0.4351782   0.4923715
0.573066   0.1492273
-0.3751189   0.5216521
-0.3724256   0.5151847
-0.316216   0.5509308
-0.3129099   0.5452526
0.130348   -0.6469369
0.5674602   0.2263619
-0.261676   0.5877917
-0.2573609   0.582187
-0.2121062   0.6312224
-0.2061083   0.625253
-0.1315065   0.7385502
-0.168824   0.681633
-0.1189391   0.7310159
-0.1601686   0.674966
-0.9853621   -1.257377
-0.9910412   -1.261108
0.5674724   -0.4828869
0.5674725   -0.4687598
0.5141113   -0.196169
1.236448   0.8018231
1.252332   0.9005549
0.5359704   -0.1195184
1.222453   1.035677
1.148647   1.1125
0.504039   -0.4869434
0.5025793   -0.4755225
0.5986297   -0.06916148
1.106173   1.174949
1.061967   1.261141
0.6294227   -0.00004546228
1.007385   1.347595
0.9439991   1.430422
-0.9370948   -1.319558
-0.9425715   -1.324547
0.4401601   -0.4993835
0.4379154   -0.4908543
0.598751   0.06896587
1.160374   0.8492443
0.5360696   0.1195175
1.206055   0.9216313
1.200366   1.02556
0.3779103   -0.520231
0.3751553   -0.5135056
0.5140925   0.1961903
1.121131   1.082945
1.07109   1.156378
0.4359635   -0.2443367
0.4485309   -0.2518709
1.029843   1.241331
0.976777   1.321544
-0.8803891   -1.372827
-0.8858588   -1.379645
0.3188507   -0.5490992
0.3154947   -0.5432438
0.4686827   -0.1737733
0.4788773   -0.1785933
0.9132683   1.393531
0.5011058   -0.08932147
0.5091423   -0.09636821
1.104504   0.9147288
1.116642   0.8980183
1.178685   0.9403479
1.184259   0.9361761
0.2640522   -0.5854943
0.25967   -0.5797556
0.5906568   -0.05782651
0.5923411   -0.06035812
1.185034   1.017296
1.188324   1.019124
1.099013   1.052544
1.103912   1.05966
0.6277097   -0.00003561065
0.6280902   -0.0000378932
1.04091   1.142335
1.0477   1.145379
1.00406   1.225997
1.009767   1.229362
-0.07423707   -0.7035442
-0.6539628   -0.3775656
0.2144869   -0.6287877
0.2083257   -0.6226085
0.5907227   0.05773578
0.5924228   0.06024046
0.9526308   1.301224
0.9579606   1.305695
0.8894151   1.365056
0.8946667   1.371313
0.5013253   0.08957019
0.5093329   0.09654702
0.8715763   1.509614
0.7804195   1.53031
0.1710446   -0.6782061
0.1620009   -0.6712574
0.4686733   0.1737779
0.4788649   0.1786025
0.6900752   1.5437
0.6001579   1.549873
0.5050943   1.548614
0.4056443   1.538771
0.3058686   1.520115
0.205405   1.492449
0.1037618   1.455389
0.8407676   1.456089
0.7625106   1.484143
0.681151   1.502901
0.5979579   1.511756
0.5092681   1.510815
-0.7328687   -0.4231219
0.417794   1.497056
0.3293705   1.471871
0.2452758   1.436355
0.1662016   1.391783
0.05367444   -0.9260365
0.8174365   1.415611
0.8225426   1.424471
0.7486625   1.448555
0.751704   1.456377
0.4932329   0.2793427
0.6741633   1.471032
0.6757059   1.478052
0.5962149   1.481932
0.5966026   1.488501
0.06066377   -1.015062
0.4380504   0.3318806
0.5126827   1.479833
0.5119239   1.48672
0.4277347   1.462926
0.4255256   1.47051
0.3825003   0.3787414
0.3485993   1.432399
0.3443263   1.44117
0.2778974   1.39046
0.2706482   1.400659
0.02154108   -1.102939
0.3253899   0.4205246
0.2172888   1.339741
0.2059361   1.351306
0   1.408489
0.2662076   0.4577261
0   1.279618
-0.0001216669   1.175963
0.05404507   -1.01191
0.05659446   -1.01312
-0.1294196   -0.6510062
-0.8069421   -0.4658883
-0.0001237283   -1.176052
0.2045683   0.4905605
0.02158   1.102875
0.06068484   1.01495
0.1400211   0.519269
0.05359642   0.9258318
0.01209489   0.8472095
0   -1.279662
0.07203559   0.5441001
-0.00005475878   0.765929
0.0921085   1.339408
0.4359493   0.2443842
0.4485265   0.2518988
0.0684201   1.243826
0.05171728   1.158329
0.07395384   -0.6979531
0.3986487   0.301283
0.4073007   0.307956
0.05322308   1.09591
0.06498396   1.01467
0.3552587   0.3515142
0.3612538   0.3574939
0.06293473   0.9269087
0.05040352   0.8565839
0.05523048   -0.7870571
0.3058416   0.3951778
0.3101527   0.4007584
0.05522788   0.7870736
0.16747   1.282887
0.150723   1.295447
0.2512539   0.4319588
0.2545502   0.4376392
0.1244002   1.214541
0.1119602   1.221049
0.09413096   1.143901
0.08470569   1.147107
-0.8791394   -0.5075714
0.0504037   -0.8565992
0.192335   0.4611992
0.1950278   0.4676686
0.07911288   1.090212
0.07335959   1.091478
0.06850143   1.01444
0.06771977   1.014491
0.1300832   0.4824376
0.1322696   0.4905337
0.07057517   0.9277898
0.06887729   0.927594
0.08174695   0.8642538
0.07478174   0.8625494
0.06295768   -0.9271022
0.06557253   0.4954363
0.06699069   0.5060778
0.1004591   0.8043737
0.09040774   0.8005292
4.192022e-6   0.6552579
0.08065718   0.6086905
0.1528726   0.5669969
0.06497803   -1.01478
-0.07802859   0.6102081
0.2202025   0.528124
0.2852623   0.4905616
-0.1497571   0.5687956
0.350327   0.4529965
0.4176306   0.4141388
0.05321071   -1.095967
-0.2171096   0.5299097
0.4894198   0.3726913
0.07395384   0.6979531
-0.2821788   0.4923419
0.1303847   0.6469053
0.1867595   0.6009828
-0.1849697   -0.6041455
-0.9526106   -0.54999
0.05172834   -1.158406
-0.3472396   0.454779
0.2443076   0.5596869
0.3037219   0.5227654
-0.4145949   0.4158914
0.3654808   0.4899825
0.4299804   0.4610343
0.06842795   -1.24386
-0.4868624   0.3741678
0.4974503   0.4355496
0.1344581   0.7328855
0.1210127   0.7251227
2.706278e-6   0.5652554
0.1710709   0.6781719
0.1620295   0.6712238
0.2144852   0.6287894
0.2083239   0.6226101
-0.8418178   -1.458071
0.1344581   -0.7328855
0.1210127   -0.7251227
-0.06999989   0.5473441
0.26403   0.5855112
0.2596472   0.5797725
0.3188251   0.5491138
0.3154689   0.5432586
-0.1374111   0.5218849
0.3778793   0.5202437
0.3751241   0.513519
0.4400848   0.4994033
0.4378394   0.4908768
0.1004646   -0.8043599
0.09041258   -0.8005148
-0.2019571   0.4929201
0.5040207   0.4869454
0.5025606   0.4755257
0.5674742   0.327629
-0.2637211   0.4601371
0.6576514   0.3796952
0.7378411   0.4259927
-1.030711   -0.5950811
-0.7627664   -1.485569
0.08174257   -0.8642659
0.07477838   -0.8625622
-0.3231377   0.4232165
0.8126846   0.4692037
0.8857493   0.5113876
-0.3807084   0.3819057
0.9603062   0.554433
1.039396   0.6000957
0.07055306   -0.9279742
0.0688652   -0.9277804
-0.437122   0.3359499
1.219792   0.7042447
1.125778   0.6499682
0.5674736   0.4176588
2.390937e-6   0.5
2.458359e-6   0.514127
0.6484244   0.4417554
0.7242349   0.4705508
-0.6809276   -1.503965
0.06850787   -1.01455
0.06772346   -1.014601
-0.06343096   0.4959435
-0.06489072   0.5073644
0.7959144   0.5043537
0.8641046   0.5435712
-0.1273099   0.4835034
-0.1295546   0.4920326
0.9294826   0.5883439
0.9924894   0.6394647
0.07912222   -1.090263
0.07336411   -1.09153
-0.1895597   0.4626559
-0.1923147   0.4693812
1.118589   0.7618673
1.054416   0.6973064
0.5674732   0.4828869
0.5674733   0.4687699
-0.2486193   0.4337877
-0.2519753   0.4396431
0.6413815   0.4887192
0.6429372   0.478445
0.7136715   0.5050872
0.7159979   0.4974888
-0.00005567299   -0.7659092
0.01210064   -0.8472287
0.04187915   -0.9360314
0.04627157   -0.9321824
-0.2420801   -0.5623623
-1.113905   -0.7494717
-1.117693   -0.6453003
-0.5973689   -1.51262
0.09415276   -1.143968
0.08472511   -1.147176
-0.3034178   0.3973926
-0.3078   0.4031313
0.7827653   0.5318977
0.7856629   0.525825
0.847083   0.5688162
0.8508365   0.563251
-0.3529831   0.3540992
-0.3591443   0.3602784
0.905465   0.6146712
0.9107564   0.608874
0.9564209   0.6691378
0.9643407   0.6626468
0.1244145   -1.214568
0.1119731   -1.221078
-0.3964254   0.3046808
-0.4054691   0.3116295
1.03481   0.8056973
0.9994969   0.7317001
1.053739   0.7964144
1.01154   0.7242839
-0.5674658   0.327629
-0.9350868   -1.441008
-0.9918614   -1.369452
-0.5084716   -1.509791
-0.5674798   0.2263619
-1.042154   -1.294683
-1.08859   -1.211735
-0.561874   0.1492273
-1.129791   -1.120687
-1.163523   -1.02495
-0.5244289   0.08233653
-1.189796   -0.9241117
-1.219783   -0.7042447
-1.208523   -0.8175554
-0.503421   -0.00005559071
-0.9647077   -1.485968
-0.5674667   -0.46876
-0.5674664   -0.4176321
-0.4170366   -1.49569
-1.019754   -1.402676
-1.071561   -1.318497
-1.119478   -1.23437
-1.164711   -1.147165
-1.207011   -1.057108
-1.246675   -0.9635085
-0.4935185   0.284933
-1.319495   -0.7618135
-1.284008   -0.8654925
-0.3288589   -1.469767
-0.510786   0.2037377
-0.988943   -1.522754
-0.9835574   -1.51458
-1.042576   -1.42986
-1.037504   -1.423819
-0.5186299   0.1377344
-1.095622   -1.337981
-1.090275   -1.333652
-1.14475   -1.252889
-1.139134   -1.248774
-0.5076538   0.07966953
-1.193282   -1.168828
-1.186933   -1.164014
-1.242593   -1.08342
-1.234686   -1.077573
-0.50153   -0.00005531252
-1.293214   -0.9957422
-1.282872   -0.9885791
-1.401078   -0.8089153
-1.345769   -0.9047137
-1.382949   -0.7984482
-1.332044   -0.8959978
-0.3012624   -0.5251607
-0.6397837   -0.4769053
-0.6452978   -0.4382882
-0.2454947   -1.433096
-0.5076921   -0.07990009000000001
-0.1022125   -1.454753
-0.5186304   -0.137795
-0.2037536   -1.491919
-0.3044096   -1.519777
-0.5107921   -0.2037027
-0.4044664   -1.538602
-0.5041837   -1.548563
-0.4330127   0.25
-0.4464584   0.2577629
-0.5994762   -1.549893
-0.6895947   -1.543752
-0.09610132   -1.33282
-0.1678076   -1.386952
-0.4644   0.185227
-0.474708   0.1893405
-0.8715763   -1.509614
-0.7801733   -1.530356
-0.4832483   0.1283311
-0.4911109   0.1304207
-0.105941   -1.544444
-0.2094132   -1.561168
0.09211097   -1.339409
-0.4939288   0.07748743
-0.4969788   0.07797234
-0.3105172   -1.573704
-0.4099487   -1.582176
-0.4999828   -0.00005508492
-0.5003266   -0.0000551355
-0.5083577   -1.586658
-0.6053312   -1.587256
-0.7115284   -0.4953758
-0.7198274   -0.4672771
-0.81747   -1.4159
-0.8228806   -1.425271
0.1662036   -1.391784
-0.4938942   -0.07769943
-0.4969604   -0.07818846
-0.7043766   -1.584493
-0.9059383   -1.569131
-0.8042751   -1.578465
-0.4832337   -0.1283831
-0.4910996   -0.1304746
-0.1089916   -1.617827
-0.1083137   -1.60152
0.2452778   -1.436356
-0.4644116   -0.1851974
-0.4747183   -0.1893097
-0.2140439   -1.617827
-0.2130148   -1.605236
-0.3155143   -1.617827
-0.3144039   -1.608022
-0.4144342   -1.617827
-0.4134374   -1.609904
-0.5117729   -1.617827
-0.5110139   -1.610901
-0.7485245   -1.448925
-0.7516894   -1.457068
0.3293724   -1.471872
-0.6101217   -1.617827
-0.6090571   -1.611033
-0.7164708   -1.617827
-0.7137832   -1.610419
-0.9340528   -1.617827
-0.8239947   -1.617827
-0.9278051   -1.607006
-0.8196126   -1.60908
0.4177958   -1.497057
0.7804481   -1.530305
0.6900608   -1.543702
-0.2822077   -0.4923252
0.6001536   -1.549873
0.505096   -1.548614
-0.08606092   -0.8119766
-0.03886716   -0.9021826
-0.05158233   -0.794964
-0.01855951   -0.8777716
-0.3629017   -0.4923264
-0.3472675   -0.4547629
-0.7805466   -0.5228816
-0.7908115   -0.5007175
-0.6738362   -1.471411
-0.6754121   -1.478645
0.5092694   -1.510816
-0.217143   -0.5298903
0.4056462   -1.538771
0.3058708   -1.520115
-0.1498394   -0.5687481
0.2054074   -1.492449
4.192022e-6   -1.408489
0.1037645   -1.45539
0.597986   -1.511714
-0.07805018   -0.6101956
0.8045793   -1.578442
-0.4935162   -0.2849338
0.7048888   -1.584471
0.6060735   -1.587248
-0.5956451   -1.482077
-0.5960283   -1.488867
0.681177   -1.502873
-0.4370853   -0.3359816
0.5092544   -1.586681
0.4111165   -1.582252
-0.3807105   -0.3819041
0.3119764   -1.573857
0.2110856   -1.561407
0.7625002   -1.484161
-0.3231624   -0.4231999
4.192022e-6   -1.523625
0.1075361   -1.54473
-0.2637481   -0.4601215
0.8243229   -1.617827
0.8199354   -1.609075
0.7170208   -1.617827
0.7143248   -1.610414
-0.8453785   -0.5590552
-0.8585078   -0.5390337
-0.5119187   -1.479477
-0.5111507   -1.486151
0.1674711   -1.282888
0.1507244   -1.295448
-0.2019892   -0.4929044
0.6109171   -1.617827
0.6098407   -1.611032
0.5126566   -1.617827
0.5119006   -1.610906
-0.1374896   -0.5218526
0.4155922   -1.617827
0.4145976   -1.609921
0.3169718   -1.617827
0.3158617   -1.608056
0.2172902   -1.339743
0.2059376   -1.351307
-0.07001971   -0.5473372
0.2157314   -1.617827
0.214699   -1.605289
4.192022e-6   -1.617827
0.1106219   -1.617827
4.192022e-6   -1.596893
0.1099362   -1.601583
-0.4330119   -0.2500014
-0.4464573   -0.2577641
1.236473   -0.8019113
-0.4268315   -1.46233
-0.4246726   -1.469673
0.277899   -1.390461
0.2706499   -1.40066
-0.3963991   -0.304715
-0.4054405   -0.3116631
1.252347   -0.9008303
1.222364   -1.035837
-0.3529848   -0.3540975
-0.3591461   -0.3602767
1.148562   -1.112561
1.106144   -1.175011
0.348601   -1.4324
0.344328   -1.441171
-0.30344   -0.3973757
-0.3078228   -0.4031144
1.061962   -1.26115
1.007406   -1.347565
-0.2486449   -0.433773
-0.2520011   -0.4396282
-0.4954344   -0.4387868
-0.4274489   -0.4636178
-0.4868128   -0.3741964
-0.4145974   -0.41589
-0.9050787   -0.6034045
-0.9235633   -0.5826322
-0.3475623   -1.431629
-0.3434599   -1.439994
0.4277363   -1.462926
0.4255273   -1.470511
-0.1895907   -0.4626432
-0.1923459   -0.4693679
1.30371   -0.8461137
1.287326   -0.931377
-0.1273852   -0.4834836
-0.1296306   -0.49201
1.239978   -1.050769
1.175132   -1.140089
0.5126841   -1.479834
0.5119252   -1.486721
3.19477e-6   -0.5
-0.06344932   -0.4959414
-0.06490941   -0.5073612
1.133213   -1.207737
1.084638   -1.296197
4.192022e-6   -0.6552579
1.029795   -1.387551
0.9059383   -1.569131
0.9703643   -1.478361
-0.2767875   -1.389218
-0.2699524   -1.398795
0.5962237   -1.481881
0.5966178   -1.488449
0.08060756   -0.6087191
1.40108   -0.8089116
1.382951   -0.7984449
1.358721   -0.8822792
1.346497   -0.8742424
0.1528751   -0.5669954
1.315945   -0.9563698
1.309585   -0.9508158
1.25439   -1.062987
1.251187   -1.060272
0.6741772   -1.470986
0.6757259   -1.478008
0.2202304   -0.5281079
1.196871   -1.162612
1.192041   -1.157606
1.155359   -1.234513
1.150438   -1.228562
0.2852912   -0.4905449
1.103191   -1.324872
1.099068   -1.318499
1.048114   -1.420267
1.044043   -1.412997
-1.006027   -0.7137899
-0.958821   -0.6552472
-1.049453   -0.687155
-0.9867782   -0.6318493
-0.1654587   -1.279651
-0.2157179   -1.338112
-0.150445   -1.29101
-0.2053174   -1.348681
0.8174437   -1.415608
0.7486611   -1.448592
0.822564   -1.424463
0.7517016   -1.456412
0.3503604   -0.4529772
0.9340528   -1.617827
0.9919105   -1.517614
0.9278051   -1.607006
0.9871225   -1.508891
1.811851   0
0.3825998   -0.3788158
0.4177129   -0.4140913
1.75487   -0.0979169
1.693727   -0.1518481
-0.6417006   -0.2793378
-0.5674658   -0.327629
0.4932392   -0.2793366
0.4380821   -0.3318143
0.5674742   -0.327629
0.4894414   -0.3726788
1.654476   -0.2318503
1.604699   -0.3195777
3.286992e-6   -0.5141169
3.614497e-6   -0.565228
1.546011   -0.4043135
1.478746   -0.4849484
0.9132716   -1.39356
0.8408129   -1.45607
0.94403   -1.430385
0.8715763   -1.509614
-0.6208287   -0.196169
-0.5674795   -0.2263202
0.06704982   -0.5060095
0.07209479   -0.5440859
1.465136   -0.5878072
1.402582   -0.5615189
1.3195   -0.7618115
1.395729   -0.6738634
1.219792   -0.7042447
1.316693   -0.6343698
0.1322918   -0.4905154
0.1400407   -0.5192612
1.86248   0
1.842791   0
1.803013   -0.1029226
1.784291   -0.100976
-0.5363103   -0.06916148
-0.5989696   -0.1195184
-0.5245562   -0.08258979
-0.5618931   -0.1492984
0.1950444   -0.4677022
0.2045807   -0.4905774
1.760254   -0.1717857
1.734382   -0.1640322
1.71647   -0.2488244
1.692361   -0.2422234
0.3101091   -0.4006999
0.2545601   -0.4376343
0.3253764   -0.4205173
0.2662436   -0.4577134
1.666414   -0.3356749
1.642413   -0.3294149
1.560825   -0.5132819
1.61448   -0.4239357
1.528905   -0.5022633
1.587853   -0.4163049